5 5
11 44 6 68 21 41 52 58 12 5 71 13 1 100 67 55 43 40 7 12 66 72 92 18 37 
5 5
76 54 73 71 86 65 27 46 12 70 15 83 34 51 13 76 21 60 38 60 52 72 84 63 30 
5 5
56 28 34 41 3 94 58 98 6 25 38 61 100 8 6 63 53 21 93 17 7 85 20 63 25 
5 5
39 97 37 48 60 85 76 7 22 73 68 22 20 58 82 10 42 19 21 75 38 40 9 74 78 
5 5
64 34 56 7 50 42 19 2 80 61 56 68 56 53 41 48 49 98 48 4 8 54 3 96 94 
5 5
69 34 79 26 51 94 30 98 78 52 11 75 26 37 21 21 58 51 68 92 5 69 72 88 14 
5 5
75 82 10 68 37 11 84 1 88 60 97 16 5 25 57 88 92 44 76 51 12 57 65 72 22 
5 5
56 97 97 8 23 80 92 59 1 27 67 67 42 43 34 22 29 10 4 46 70 47 61 59 48 
5 5
8 34 24 90 42 6 25 12 71 16 29 85 91 57 6 83 67 88 18 23 4 38 75 21 51 
5 5
84 29 62 66 59 99 25 66 66 12 75 81 72 7 31 98 74 25 53 35 64 65 26 47 58 
5 5
49 40 60 88 12 38 26 39 59 1 65 76 56 4 36 8 72 22 39 74 8 75 82 56 75 
5 5
73 99 1 34 95 17 49 93 69 49 57 20 50 82 53 72 39 80 32 55 17 77 31 89 65 
5 5
34 81 18 98 80 17 61 79 47 8 29 82 10 9 57 100 33 63 88 58 15 94 24 80 3 
5 5
1 4 84 64 59 15 49 64 7 18 69 78 33 72 12 14 2 58 58 26 19 30 56 87 33 
5 5
80 81 12 23 21 67 29 37 94 64 75 28 13 58 8 11 63 67 89 64 58 16 42 70 92 
5 5
37 6 82 76 76 82 51 51 81 63 39 86 34 20 31 14 82 65 51 80 60 57 86 30 10 
5 5
50 79 51 27 2 40 87 97 68 18 42 73 12 74 81 33 95 67 1 19 23 52 11 19 78 
5 5
23 20 27 33 94 18 52 91 29 78 16 70 73 40 55 62 12 5 75 52 89 71 36 28 42 
5 5
2 35 39 39 90 88 38 68 52 86 51 34 17 58 58 43 60 69 11 64 83 67 38 19 72 
5 5
58 74 85 1 39 62 96 55 81 90 80 62 80 5 71 44 54 63 87 71 8 37 19 85 68 
5 5
35 78 79 88 10 35 60 13 50 48 47 26 82 9 21 43 45 52 92 86 39 95 93 71 89 
5 5
28 82 62 66 4 8 86 7 69 37 80 1 69 28 70 80 12 39 100 54 78 87 75 8 37 
5 5
12 65 53 32 43 57 77 53 79 96 40 7 21 38 95 83 8 49 22 28 53 63 40 5 16 
5 5
35 27 90 10 78 16 74 13 2 29 19 5 23 11 70 52 29 67 18 45 78 60 3 89 84 
5 5
91 12 47 9 38 93 88 49 25 21 33 4 67 60 7 45 92 71 32 87 51 12 9 6 11 
5 5
48 60 80 40 46 7 45 87 6 49 12 38 50 23 35 61 44 78 65 26 53 72 58 11 12 
5 5
19 43 54 34 30 55 11 65 17 53 65 55 79 28 82 45 91 96 36 51 83 73 41 58 73 
5 5
17 70 68 77 17 60 79 15 76 38 81 17 76 29 17 37 65 45 38 77 4 96 93 38 56 
5 5
73 65 33 71 63 99 11 75 34 81 73 1 17 14 24 26 68 15 85 25 48 73 63 36 14 
5 5
88 88 51 9 70 66 61 91 15 16 72 65 40 72 76 33 21 86 96 4 56 81 61 29 78 
5 5
52 1 17 53 60 46 99 52 53 7 5 45 46 11 24 21 97 26 57 56 71 40 73 83 92 
5 5
52 91 10 10 24 95 90 35 89 50 71 100 10 31 74 19 21 76 1 31 98 66 51 83 55 
5 5
18 43 13 31 73 23 8 29 53 54 88 12 60 89 93 22 28 9 6 38 60 66 99 73 91 
5 5
83 5 54 15 42 72 80 92 13 29 17 57 94 6 25 37 67 67 74 50 69 54 33 51 42 
5 5
14 80 61 89 76 90 60 50 83 70 73 37 52 37 46 71 44 1 36 31 73 23 65 65 74 
5 5
3 87 2 96 45 76 47 66 85 94 66 35 62 28 22 69 28 98 29 100 53 34 64 42 28 
5 5
36 42 58 74 68 45 86 10 62 74 5 1 45 63 79 68 27 25 67 67 44 35 100 38 33 
5 5
28 60 38 19 21 62 43 64 48 20 15 74 6 95 54 39 63 89 76 8 74 32 39 8 67 
5 5
82 22 82 66 96 9 14 57 79 2 69 100 100 75 53 99 92 86 67 93 32 46 29 68 25 
5 5
67 35 100 62 8 1 39 61 35 100 98 28 81 85 85 14 26 52 28 25 3 49 42 9 63 
5 5
95 92 73 39 38 50 65 98 4 50 48 12 10 14 58 5 21 11 29 9 2 94 72 26 65 
5 5
2 37 22 61 50 44 9 59 89 83 93 33 88 12 17 58 35 48 63 4 86 57 90 4 26 
5 5
27 83 49 95 82 14 10 8 39 27 33 97 92 78 57 39 14 68 22 74 86 47 80 71 2 
5 5
33 65 85 9 48 91 10 68 37 50 4 47 1 20 97 96 95 46 22 35 4 62 75 33 80 
5 5
29 56 5 94 24 99 16 49 78 70 47 44 81 3 27 32 21 21 92 68 63 73 72 30 90 
5 5
17 82 28 70 52 45 96 99 51 18 60 49 38 91 65 8 46 71 2 98 13 54 24 42 11 
5 5
77 60 60 65 45 16 62 11 63 38 2 6 41 25 6 86 12 90 11 76 21 43 93 96 88 
5 5
58 98 69 34 4 45 18 25 99 9 20 90 17 79 99 46 17 56 38 42 47 51 85 61 16 
5 5
34 70 78 36 91 60 2 91 85 50 86 94 87 60 69 97 28 78 49 48 84 38 7 23 14 
5 5
67 72 70 83 33 41 90 30 11 42 72 48 55 66 51 43 33 59 24 22 95 96 80 43 48 
5 5
99 74 76 22 76 46 86 1 62 90 96 73 1 27 55 87 43 90 74 96 100 88 100 97 72 
5 5
11 35 14 87 74 16 40 3 7 53 33 12 95 58 48 8 14 67 41 85 20 81 43 64 24 
5 5
100 31 35 7 76 42 86 59 15 58 97 8 74 17 86 75 50 67 69 30 13 33 99 64 85 
5 5
10 76 13 52 29 15 16 82 28 92 32 7 72 56 76 45 97 67 98 12 52 87 94 83 54 
5 5
56 11 7 11 83 14 61 87 43 70 41 8 93 87 60 80 90 78 86 100 23 41 96 58 97 
5 5
12 32 95 35 71 96 72 12 61 12 51 19 69 70 24 69 43 46 1 65 21 2 54 6 27 
5 5
75 73 39 15 2 82 18 34 25 53 29 63 36 49 13 30 39 71 64 68 18 66 3 95 41 
5 5
14 64 82 8 34 32 93 76 92 51 63 82 83 90 75 27 3 34 63 66 95 89 84 50 81 
5 5
34 33 76 28 12 100 76 46 29 9 78 81 87 57 55 71 40 51 20 64 19 80 10 79 82 
5 5
48 63 80 89 8 12 49 72 86 44 66 33 64 77 22 25 11 76 30 79 11 62 48 5 39 
5 5
67 25 86 45 82 43 96 13 24 99 20 29 58 65 90 32 26 4 6 72 66 24 87 13 22 
5 5
30 74 26 39 99 23 93 73 51 74 94 71 43 25 29 13 73 96 33 70 51 21 11 22 63 
5 5
54 84 9 98 68 73 80 75 69 64 96 82 17 35 93 61 61 63 30 10 44 91 94 76 1 
5 5
98 45 19 1 39 32 62 85 35 13 12 60 87 94 23 35 19 64 99 24 10 23 71 71 36 
5 5
37 56 74 8 24 3 32 22 3 99 41 100 40 30 41 47 81 68 54 33 17 26 70 88 83 
5 5
57 95 98 8 42 45 20 85 1 34 68 37 51 53 43 57 81 70 77 90 66 19 86 3 40 
5 5
34 85 87 42 62 75 96 41 92 87 74 61 87 76 7 2 97 71 91 74 79 89 49 20 47 
5 5
12 74 50 10 81 34 4 38 4 66 57 4 76 93 62 96 85 74 56 16 20 49 6 31 57 
5 5
68 43 35 18 97 25 61 31 33 18 72 48 6 2 95 26 88 98 76 50 65 56 53 3 32 
5 5
43 96 92 33 21 19 13 82 62 16 20 71 3 40 50 85 31 65 2 27 40 36 95 3 38 
5 5
85 55 92 64 11 19 69 63 41 99 41 11 57 100 51 88 35 77 57 78 43 83 3 32 54 
5 5
17 97 65 63 11 86 92 95 29 3 16 81 3 91 55 73 79 27 21 35 42 53 72 76 3 
5 5
33 38 90 41 52 1 87 31 45 98 24 13 56 28 84 21 88 55 24 28 96 96 16 86 34 
5 5
99 22 43 79 2 98 75 81 8 70 71 58 87 23 93 37 10 12 42 19 30 73 55 60 74 
5 5
80 97 86 69 95 33 89 71 45 15 13 3 13 56 68 47 35 22 67 57 99 35 86 77 47 
5 5
87 70 3 65 78 67 91 4 52 55 98 33 79 22 55 18 41 55 22 35 36 94 16 28 82 
5 5
6 75 10 61 29 68 16 93 37 62 38 84 66 57 12 79 90 87 3 86 88 26 17 54 89 
5 5
23 29 97 19 5 94 15 30 82 33 94 44 5 44 83 84 16 56 71 79 24 89 55 63 17 
5 5
45 21 83 65 11 3 59 31 26 72 27 84 85 56 89 53 63 32 5 30 26 12 75 15 84 
5 5
12 72 93 15 32 49 95 6 35 27 98 64 17 41 72 79 93 6 45 72 35 14 92 13 69 
5 5
74 23 51 63 10 81 70 23 43 27 49 94 86 41 39 93 4 71 99 75 75 97 95 84 12 
5 5
86 11 10 21 3 75 54 57 23 42 1 81 98 29 32 62 86 40 89 57 36 67 67 70 92 
5 5
77 72 29 63 36 93 65 29 11 42 42 39 44 35 100 66 96 86 97 64 22 94 36 99 84 
5 5
72 62 63 99 36 10 39 73 19 71 48 86 67 45 94 60 54 93 11 13 47 53 88 53 54 
5 5
44 25 96 42 68 25 19 52 21 34 99 62 10 83 20 93 58 35 58 51 52 43 61 60 94 
5 5
64 41 96 55 42 20 76 3 97 48 84 40 72 52 53 38 58 62 83 79 69 77 98 56 41 
5 5
92 73 43 26 15 82 61 36 41 16 90 55 70 70 99 50 29 76 47 5 49 95 2 90 56 
5 5
88 98 14 41 58 31 44 51 49 72 62 37 42 27 78 28 20 90 55 18 66 34 90 52 18 
5 5
65 87 63 74 83 10 34 17 21 51 51 4 89 94 16 43 29 16 96 30 70 99 75 56 43 
5 5
43 97 49 2 48 81 86 26 30 13 17 46 71 64 38 46 16 29 50 28 71 14 62 44 31 
5 5
12 83 43 93 57 79 85 22 18 71 82 33 87 59 46 58 44 49 36 20 29 50 79 71 92 
5 5
58 50 93 38 35 3 15 64 36 87 51 19 7 56 24 54 75 13 72 3 10 5 64 51 38 
5 5
3 9 58 47 34 18 30 29 9 86 64 66 41 81 52 35 12 25 45 86 96 9 96 51 61 
5 5
21 36 59 43 63 63 12 97 54 79 63 66 24 75 23 80 30 95 63 13 51 69 10 88 92 
5 5
74 21 97 58 74 33 17 64 71 90 53 4 79 23 20 64 71 31 58 50 30 48 31 39 87 
5 5
42 13 11 83 82 89 39 67 84 40 34 49 22 21 30 7 46 93 65 76 11 14 34 42 91 
5 5
44 67 68 75 98 79 9 54 100 37 53 63 41 70 67 59 47 18 59 2 9 34 61 97 88 
5 5
65 70 83 18 5 73 14 19 79 73 13 89 82 97 89 70 76 44 93 63 17 23 85 95 61 
5 5
64 65 61 85 93 73 59 17 12 24 51 31 56 94 11 10 60 38 4 54 70 37 31 84 72 
5 5
95 82 1 46 19 33 99 47 22 93 49 70 7 44 55 27 54 75 66 62 65 20 73 65 18 
