10
1000
871 1 3430 1 1251 1 5461 1 8186 1 5422 1 5569 1 4723 1 5282 1 2919 1 3097 1 9142 1 6025 1 7199 1 9038 1 7608 1 4094 1 1634 1 6042 1 9777 1 7569 1 4069 1 9167 1 718 1 237 1 7600 1 9634 1 481 1 245 1 16 1 6437 1 9754 1 2114 1 8429 1 7220 1 5716 1 4588 1 5384 1 7667 1 8513 1 2423 1 2937 1 9286 1 1433 1 4033 1 2215 1 7937 1 4065 1 6505 1 7625 1 6034 1 1736 1 4882 1 7612 1 4124 1 8183 1 3881 1 948 1 3829 1 7913 1 8788 1 3448 1 3554 1 2648 1 7787 1 7720 1 3233 1 6153 1 3579 1 7106 1 4296 1 1754 1 3161 1 2517 1 5197 1 5867 1 9972 1 2324 1 3206 1 1386 1 175 1 7887 1 6466 1 3331 1 1325 1 3614 1 6551 1 6230 1 3790 1 7279 1 7405 1 4442 1 6537 1 673 1 779 1 1971 1 3323 1 8240 1 5634 1 1343 1 6479 1 1091 1 3687 1 8838 1 63 1 8708 1 7301 1 2898 1 8186 1 9599 1 242 1 4236 1 9430 1 8798 1 4769 1 8825 1 4201 1 227 1 3960 1 8261 1 6882 1 8823 1 979 1 8750 1 2510 1 4899 1 7897 1 8642 1 6056 1 1804 1 3438 1 6940 1 6112 1 7347 1 9833 1 5853 1 816 1 2205 1 1591 1 9431 1 1131 1 2175 1 7760 1 847 1 3496 1 349 1 4504 1 4788 1 589 1 9284 1 3641 1 3226 1 9647 1 7542 1 1903 1 6843 1 9 1 5878 1 8948 1 1983 1 4876 1 1892 1 2957 1 5818 1 8998 1 8395 1 2934 1 4246 1 934 1 6680 1 9370 1 8114 1 271 1 9084 1 485 1 6811 1 5451 1 8821 1 1230 1 3338 1 179 1 4073 1 7663 1 8093 1 924 1 676 1 9320 1 7129 1 708 1 5171 1 8403 1 4544 1 7373 1 2529 1 6409 1 5231 1 1194 1 1793 1 1845 1 5706 1 9736 1 2269 1 3879 1 6939 1 5647 1 5342 1 9100 1 7512 1 9609 1 1276 1 3340 1 340 1 1858 1 408 1 9749 1 3352 1 9057 1 8599 1 4262 1 8882 1 2262 1 5905 1 543 1 9358 1 629 1 7066 1 1223 1 7892 1 8914 1 5536 1 5134 1 5426 1 206 1 2453 1 7605 1 1242 1 3281 1 7614 1 9451 1 7534 1 9816 1 909 1 473 1 4170 1 2098 1 4667 1 4977 1 642 1 6566 1 7289 1 9586 1 349 1 5895 1 6520 1 1743 1 2449 1 8395 1 6087 1 706 1 9536 1 7143 1 8989 1 8842 1 4707 1 4176 1 999 1 7661 1 1702 1 7310 1 4147 1 5898 1 4356 1 2850 1 2109 1 6367 1 2307 1 4026 1 8473 1 2635 1 4898 1 3683 1 5617 1 3956 1 369 1 9151 1 3041 1 6380 1 1393 1 8070 1 6689 1 7647 1 4333 1 18 1 7650 1 3809 1 1240 1 934 1 2779 1 4743 1 904 1 3215 1 8230 1 6339 1 7587 1 6638 1 4086 1 5427 1 4201 1 9380 1 2331 1 1820 1 3953 1 5616 1 9992 1 6659 1 5431 1 4566 1 739 1 6477 1 181 1 5040 1 2975 1 6329 1 6369 1 3033 1 7078 1 4411 1 6808 1 9240 1 1162 1 1706 1 104 1 6378 1 2813 1 7243 1 8291 1 1268 1 703 1 4271 1 754 1 6375 1 7495 1 7164 1 8423 1 7685 1 5333 1 3800 1 1015 1 4116 1 5143 1 4731 1 6855 1 1120 1 5081 1 1206 1 6949 1 2646 1 3905 1 5102 1 8874 1 3262 1 8651 1 238 1 7422 1 1513 1 6578 1 3629 1 8188 1 268 1 5328 1 9195 1 5015 1 3724 1 5623 1 7186 1 6748 1 8426 1 6208 1 7691 1 9593 1 2769 1 4627 1 4478 1 381 1 9486 1 1143 1 2718 1 1729 1 8975 1 4924 1 5061 1 2535 1 2752 1 9959 1 7884 1 4386 1 8194 1 9117 1 4382 1 7893 1 4750 1 3826 1 6382 1 4880 1 9465 1 9843 1 9318 1 9527 1 9479 1 7090 1 8835 1 4004 1 8613 1 7761 1 7629 1 6640 1 8946 1 5954 1 7226 1 4909 1 5326 1 6750 1 4374 1 1735 1 4454 1 8932 1 6684 1 2475 1 4159 1 7460 1 6281 1 6632 1 5426 1 2764 1 1201 1 8340 1 1047 1 3570 1 1506 1 6337 1 5268 1 4321 1 9112 1 2050 1 6104 1 1609 1 4705 1 1624 1 692 1 2913 1 2050 1 1217 1 4074 1 5952 1 3417 1 2354 1 9305 1 5932 1 5973 1 7267 1 9991 1 785 1 3764 1 155 1 1472 1 3862 1 6284 1 2269 1 7166 1 1212 1 8492 1 5331 1 8890 1 6104 1 979 1 889 1 9586 1 8929 1 4209 1 1660 1 220 1 9101 1 6925 1 7332 1 3947 1 1640 1 1335 1 3135 1 8991 1 8054 1 9840 1 8064 1 5090 1 7467 1 4871 1 8679 1 4992 1 9561 1 9942 1 6049 1
10
1 1 1 1 1 1 1 1 1 1
2
1 1
3
1 1 1
1000
871 3430 1251 5461 8186 5422 5569 4723 5282 2919 3097 9142 6025 7199 9038 7608 4094 1634 6042 9777 7569 4069 9167 718 237 7600 9634 481 245 16 6437 9754 2114 8429 7220 5716 4588 5384 7667 8513 2423 2937 9286 1433 4033 2215 7937 4065 6505 7625 6034 1736 4882 7612 4124 8183 3881 948 3829 7913 8788 3448 3554 2648 7787 7720 3233 6153 3579 7106 4296 1754 3161 2517 5197 5867 9972 2324 3206 1386 175 7887 6466 3331 1325 3614 6551 6230 3790 7279 7405 4442 6537 673 779 1971 3323 8240 5634 1343 6479 1091 3687 8838 63 8708 7301 2898 8186 9599 242 4236 9430 8798 4769 8825 4201 227 3960 8261 6882 8823 979 8750 2510 4899 7897 8642 6056 1804 3438 6940 6112 7347 9833 5853 816 2205 1591 9431 1131 2175 7760 847 3496 349 4504 4788 589 9284 3641 3226 9647 7542 1903 6843 9 5878 8948 1983 4876 1892 2957 5818 8998 8395 2934 4246 934 6680 9370 8114 271 9084 485 6811 5451 8821 1230 3338 179 4073 7663 8093 924 676 9320 7129 708 5171 8403 4544 7373 2529 6409 5231 1194 1793 1845 5706 9736 2269 3879 6939 5647 5342 9100 7512 9609 1276 3340 340 1858 408 9749 3352 9057 8599 4262 8882 2262 5905 543 9358 629 7066 1223 7892 8914 5536 5134 5426 206 2453 7605 1242 3281 7614 9451 7534 9816 909 473 4170 2098 4667 4977 642 6566 7289 9586 349 5895 6520 1743 2449 8395 6087 706 9536 7143 8989 8842 4707 4176 999 7661 1702 7310 4147 5898 4356 2850 2109 6367 2307 4026 8473 2635 4898 3683 5617 3956 369 9151 3041 6380 1393 8070 6689 7647 4333 18 7650 3809 1240 934 2779 4743 904 3215 8230 6339 7587 6638 4086 5427 4201 9380 2331 1820 3953 5616 9992 6659 5431 4566 739 6477 181 5040 2975 6329 6369 3033 7078 4411 6808 9240 1162 1706 104 6378 2813 7243 8291 1268 703 4271 754 6375 7495 7164 8423 7685 5333 3800 1015 4116 5143 4731 6855 1120 5081 1206 6949 2646 3905 5102 8874 3262 8651 238 7422 1513 6578 3629 8188 268 5328 9195 5015 3724 5623 7186 6748 8426 6208 7691 9593 2769 4627 4478 381 9486 1143 2718 1729 8975 4924 5061 2535 2752 9959 7884 4386 8194 9117 4382 7893 4750 3826 6382 4880 9465 9843 9318 9527 9479 7090 8835 4004 8613 7761 7629 6640 8946 5954 7226 4909 5326 6750 4374 1735 4454 8932 6684 2475 4159 7460 6281 6632 5426 2764 1201 8340 1047 3570 1506 6337 5268 4321 9112 2050 6104 1609 4705 1624 692 2913 2050 1217 4074 5952 3417 2354 9305 5932 5973 7267 9991 785 3764 155 1472 3862 6284 2269 7166 1212 8492 5331 8890 6104 979 889 9586 8929 4209 1660 220 9101 6925 7332 3947 1640 1335 3135 8991 8054 9840 8064 5090 7467 4871 8679 4992 9561 9942 6049 1286 5481 5612 819 2831 4412 6300 1490 1500 4147 1686 3350 6786 685 500 751 8569 3424 6104 5976 6369 4235 5221 4763 6088 9115 8667 1684 1258 9356 6167 8665 8360 1474 5355 6889 2797 2711 3322 8613 5804 406 1927 6124 2142 4457 3678 2522 8443 4592 7843 3251 5736 5746 8923 5515 3137 3432 8808 9961 1846 7527 8424 5485 1530 189 3728 5263 8634 2448 438 3465 5516 9171 3213 2919 4009 6857 3236 3037 9659 686 4817 3993 4827 4563 7098 9610 4389 9562 1749 8448 4781 8066 6561 6501 8678 4421 3524 7339 1616 1727 6967 1592 4274 6673 4495 8239 8697 70 8622 7824 5921 6676 1785 594 7553 4919 5163 3006 4076 7418 5979 9727 6917 166 4473 6345 9394 4767 2751 3255 358 8205 7670 7688 5000 1784 9622 3116 2743 4039 2915 7866 6643 4521 4308 3973 1684 3893 7334 6672 7470 7582 1553 8975 4695 9690 8841 2880 8680 6229 2808 8873 3923 7553 394 7378 2549 5888 2154 2293 8268 9588 8572 6149 1722 4998 8458 7964 3323 6085 7426 9624 2195 9633 4768 2056 3020 2727 6105 755 1231 8862 3464 9529 5393 5859 5548 734 2800 7506 3250 7619 4495 1846 1728 1575 8558 2946 6466 5533 6381 7135 6376 7998 451 3288 4607 1186 5595 8372 384 6730 5231 6163 742 993 1431 6748 9252 5012 4595 7125 5767 3646 6663 5508 7575 9017 5655 6693 8725 1329 5876 8364 1679 7034 3207 5789 3143 7892 4059 7561 7734 989 1279 1419 8299 4360 3117 5507 1113 9259 7845 1026 7664 8686 4830 6214 9771 6498 4830 967 1290 992 5271 6723 1792 5779 565 4071 7760 4392 5350 2494 2948 3940 1305 3950 4223 6853 7899 3440 9444 7549 478 9439 3622 8683 8459 7957 9954 3340 425 7121 8633 8130 2142 6748 7875 3746 5030 7166 6913 1924 4659 4572 9506 198 1892 1220 4137 2129 6601 5564 6668 3776 966 3414 6352 5005 1749 1543 7268 8269 8674 7274 3244 2814 7841 7616 7679 8111 2963 7979 9155 7425 314 922 1127 3564 6408 5430 657 468 6063 7981 8250 317 8325 735 1655 8107 8518 4855 9338 7790 3071 7131 8889 4221 7896 5958 8061 8514 9074 1461 2157 7462 4674 3488 9068 7822 93 7291 1777 6982 5205 5134 6997 1003 1107 1248 7603 4334 6437 7194 6283 8055 2570 7179 6392 2999 2284 599 8820 3811 9373 1524 1864 8701 2117 7879 5224 6964 2780 4876 862 7614 691 7332 6982 1764 6584 1363 1323 5390 634 9914 6609 7520 7050 9026 3266 2292 4483 8425 4140 7145 3947 481 5355 6012 7322 8070 2020 4294 2235 4543 6994 6197 6386 7449 8261 2110 5708 3824 2024 2915 5005 7070 6225 8193 1702 7384 8719 4332 5254 1430 6607 7342 1156 3107 7935 9821 6985 2901 8759 4811 2755 5118 2245 7716 536 6980 7705 9251 8952 2605 8561 8453 7078 8399 3653 8449 7560 5862 3062 151
1
1
10
1 2 3 4 5 6 7 8 9 10
11
11 9 8 7 6 5 4 1 1 1 1
2
2 4
3
2 4 8


